Orbit: -0.9362305 0.3672162 0.0043972 -0.0066806 -0.0202799 -0.0002891
epoch JD 2458543.50000
Unit vectors:
      4e-5   -4.87e-5   -1.59e-5    1.05e-6     1.5e-5    1.02e-6
   3.52e-6   -2.55e-6    5.29e-6   -4.64e-6    2.97e-6   -9.33e-6
   0.00334   -0.00366   -0.00129   -0.00257    0.00313    0.00103
  -7.28e-5    2.38e-5   -0.00025    -3.1e-6    3.71e-6    9.67e-7
   0.00995    -0.0122   -0.00397    -0.0135     0.0164    0.00536
    -0.342      0.417      0.137  -0.000416   0.000507   0.000166
Eigenvalues computed: sigma_squared = 0.620815
   0:     -0.535      -144      14.7      6015     -2.44     -55.4     0.785      -2.6     -4828        12       958     -1127
   1:     -0.526      -143      23.7      6020     -4.48     -45.5     0.691     -2.74     -4753      19.6      1197     -9421
   2:     -0.516      -142      32.6      6026     -6.95     -20.2     0.599     -2.86     -4680      27.1      1433    -17679
   3:     -0.503      -140      41.1      6031     -9.81      20.2     0.506     -2.99     -4606      34.4      1665    -25946
   4:      0.329      -112       172      6155      -129      3764     -1.39     -4.21     -2980       164      6257   -226184
   5:      0.331      -112       172      6155      -129      3770     -1.39     -4.21     -2978       164      6262   -226486
   6:      0.333      -112       172      6155      -129      3777     -1.39     -4.21     -2976       164      6268   -226790
   7:      0.335      -112       172      6155      -129      3783     -1.39     -4.21     -2974       164      6273   -227083
   8:        0.3     -9.07      16.3      6611       238    -31417      1.16     0.636       388      -113      8325  -1.06e+6
   9:      0.256     -6.85      13.4      6621       211    -29203      1.07      0.59       403      -106      8094  -1.07e+6
  10:      0.216     -4.57      10.6      6631       183    -26842      0.97     0.554       415     -97.7      7847  -1.09e+6
  11:      0.181     -2.39      7.92      6641       158    -24433     0.873     0.509       425     -89.8      7596  -1.11e+6
  12:      0.197     -1.88      5.87      6644       105    -17006      0.59     0.495       416     -64.1      7535  -1.11e+6
  13:      0.195     -1.69      5.69      6645       104    -16794     0.581     0.493       417     -63.4      7513  -1.11e+6
  14:      0.193     -1.46      5.46      6646       101    -16519      0.57      0.49       418     -62.5      7485  -1.12e+6
  15:      0.191     -1.25      5.26      6647      98.9    -16274      0.56     0.488       419     -61.7      7460  -1.12e+6
  16:      0.188    -0.801      4.83      6649      94.3    -15751     0.538     0.482       420       -60      7406  -1.12e+6
  17:      0.186    -0.617      4.66      6650      92.4    -15534     0.529      0.48       421     -59.3      7384  -1.12e+6
  18:       0.15     -0.18      5.37      6650       133    -21932     0.773     0.481       434     -81.7      7334  -1.13e+6
  19:     -0.249      4.94     -18.7      6675      7.61     -2596     0.167     0.442       431     -30.4      6694  -1.17e+6
  20:     -0.249      5.92     -19.3      6679     -0.53     -1235     0.112     0.437       432     -26.1      6561  -1.18e+6
  21:     -0.249      6.91     -19.9      6683     -8.36       143    0.0553     0.436       432     -21.8      6426  -1.18e+6
  22:      0.448      19.5    0.0626      6735     -59.5     12684    -0.696     0.488       401        32      4503  -1.27e+6
  23:      0.463      20.6  -0.00756      6739       -62     13914    -0.748     0.497       397      35.4      4331  -1.28e+6
  24:      0.479      21.6   -0.0344      6744       -64     15142      -0.8     0.507       392      38.8      4157  -1.29e+6
  25:      0.991      52.4      9.56      6865      31.3     44944     -2.01     0.891        78       106     -1861  -1.51e+6
  26:       1.01      53.1      10.3      6868      35.7     45421     -2.03     0.901        68       107     -2003  -1.51e+6
  27:       1.03      53.7        11      6870      40.3     45883     -2.06     0.906      57.8       108     -2147  -1.52e+6
  28:     -0.739      79.5       -50      6970      -209    -37119      0.74     -1.67      -371      -119     -8797  -1.75e+6
  29:     -0.748        80     -50.3      6972      -208    -36245      0.72     -1.67      -384      -117     -8930  -1.75e+6
  30:     -0.757      80.5     -50.6      6974      -205    -35377     0.699     -1.67      -396      -116     -9062  -1.76e+6
  31:     -0.707      90.1       -52      7013      -211    -28455     0.477      -1.8      -659     -99.1    -11853  -1.83e+6
  32:     -0.708      90.2       -52      7013      -210    -28372     0.475      -1.8      -660       -99    -11866  -1.83e+6
  33:     -0.709      90.2       -52      7013      -210    -28297     0.473      -1.8      -662     -98.8    -11877  -1.83e+6
  34:     -0.709      90.2       -52      7013      -210    -28219     0.471      -1.8      -663     -98.7    -11889  -1.83e+6
Covariance:
     0.024  1.53e-12 -2.22e-14 -3.65e-14 -2.22e-14  2.67e-16
  1.53e-12   5.68e-6  1.53e-15  5.59e-16  1.23e-16 -1.95e-18
 -2.22e-14  1.53e-15    8.3e-9  6.85e-17 -1.99e-17  -4.1e-19
 -3.65e-14  5.59e-16  6.85e-17  6.88e-10  4.11e-18  4.53e-20
 -2.22e-14  1.23e-16 -1.99e-17  4.11e-18  6.31e-10 -2.39e-20
  2.67e-16 -1.95e-18  -4.1e-19  4.53e-20 -2.39e-20  1.99e-14
Covariance: test for orthogonality
  0.000578  3.69e-14 -5.35e-16 -8.77e-16 -5.34e-16  6.42e-18
  3.69e-14  3.23e-11  8.71e-21  3.18e-21     7e-22 -1.11e-23
 -5.35e-16  8.71e-21   6.9e-17  6.17e-25 -1.77e-25 -3.41e-27
 -8.77e-16  3.18e-21  6.17e-25  4.73e-19  6.23e-27  2.14e-29
 -5.34e-16     7e-22 -1.77e-25  6.23e-27  3.98e-19  -2.1e-29
  6.42e-18 -1.11e-23 -3.41e-27  2.14e-29  -2.1e-29  3.94e-28
Correlation:
  1.000000  0.000000 -0.000000 -0.000000 -0.000000  0.000000
  0.000000  1.000000  0.000000  0.000000  0.000000 -0.000000
 -0.000000  0.000000  1.000000  0.000000 -0.000000 -0.000000
 -0.000000  0.000000  0.000000  1.000000  0.000000  0.000000
 -0.000000  0.000000 -0.000000  0.000000  1.000000 -0.000000
  0.000000 -0.000000 -0.000000  0.000000 -0.000000  1.000000
Unit vects: test for orthogonality
  0.000000  0.000000  0.000000 -0.000000  0.000001 -0.000036
  0.000000  0.000000  0.000000 -0.000000  0.000000 -0.000002
  0.000000  0.000000  0.000044  0.000000  0.000174 -0.002844
 -0.000000 -0.000000  0.000000  0.000000  0.000000  0.000001
  0.000001  0.000000  0.000174  0.000000  0.000742 -0.009021
 -0.000036 -0.000002 -0.002844  0.000001 -0.009021  0.309806
WtW:
      25.8  -6.97e-6   6.92e-5   0.00137  0.000911    -0.347
  -6.97e-6    109257   -0.0201   -0.0888   -0.0213      10.7
   6.92e-5   -0.0201   7.48e+7     -7.45      2.36      1542
   0.00137   -0.0888     -7.45   9.03e+8     -5.89     -2059
  0.000911   -0.0213      2.36     -5.89   9.84e+8      1184
    -0.347      10.7      1542     -2059      1184  3.13e+13
WtW: test for orthogonality
       667     -4.49      4637   1.24e+6    895589 -1.09e+13
     -4.49  1.19e+10  -1.49e+6  -8.02e+7   -2.1e+7  3.35e+14
      4637  -1.49e+6  5.59e+15  -7.28e+9    2.5e+9  4.82e+16
   1.24e+6  -8.02e+7  -7.28e+9  8.15e+17 -1.11e+10 -6.44e+16
    895589   -2.1e+7    2.5e+9 -1.11e+10  9.68e+17   3.7e+16
 -1.09e+13  3.35e+14  4.82e+16 -6.44e+16   3.7e+16  9.78e+26
Eigenvectors:
  1.000000  0.000000 -0.000000 -0.000000 -0.000000  0.000000
 -0.000000  1.000000  0.000000  0.000000  0.000000 -0.000000
  0.000000 -0.000000  1.000000  0.000000 -0.000000 -0.000000
  0.000000 -0.000000 -0.000000  1.000000  0.000000  0.000000
  0.000000 -0.000000  0.000000 -0.000000  1.000000 -0.000000
 -0.000000  0.000000  0.000000 -0.000000  0.000000  1.000000
Eigenvectors: test for orthogonality
  1.000000  0.000000 -0.000000  0.000000 -0.000000  0.000000
  0.000000  1.000000  0.000000  0.000000 -0.000000  0.000000
 -0.000000  0.000000  1.000000 -0.000000  0.000000  0.000000
  0.000000  0.000000 -0.000000  1.000000  0.000000  0.000000
 -0.000000 -0.000000  0.000000  0.000000  1.000000  0.000000
  0.000000  0.000000  0.000000  0.000000  0.000000  1.000000
Eigenvalues:
      41.6    175990    1.2e+8   1.45e+9   1.59e+9  5.04e+13

New unit vectors: 
      4e-5  -4.87e-5  -1.59e-5   1.05e-6    1.5e-5   1.02e-6
   3.52e-6  -2.55e-6   5.29e-6  -4.64e-6   2.97e-6  -9.33e-6
   0.00334  -0.00366  -0.00129  -0.00257   0.00313   0.00103
  -7.28e-5   2.38e-5  -0.00025   -3.1e-6   3.71e-6   9.68e-7
   0.00995   -0.0122  -0.00397   -0.0135    0.0164   0.00536
    -0.342     0.417     0.137 -0.000416  0.000507  0.000166

One-sigma eigenvect:
    6.2e-6  -7.56e-6  -2.47e-6   1.62e-7   2.33e-6   1.58e-7

Covariance in 'traditional' elements:
   Tp        e         q         Q         1/a       i         M         omega     Omega  
   8.23e-6   3.18e-7  -6.71e-9   3.15e-6  -3.14e-7   1.31e-6  -3.81e-7   3.47e-5  -2.38e-5 Tp
   3.18e-7   1.19e-7   1.63e-9    1.2e-6   -1.2e-7   1.42e-7   6.87e-7    4.3e-7    1.8e-7 e
  -6.71e-9   1.63e-9  3.89e-11   1.64e-8  -1.65e-9  5.37e-10   1.27e-8  -4.43e-8   3.89e-8 q
   3.15e-6    1.2e-6   1.64e-8    1.2e-5   -1.2e-6   1.41e-6    6.9e-6   4.13e-6   1.93e-6 Q
  -3.14e-7   -1.2e-7  -1.65e-9   -1.2e-6    1.2e-7  -1.42e-7  -6.92e-7  -4.09e-7  -1.97e-7 1/a
   1.31e-6   1.42e-7  5.37e-10   1.41e-6  -1.42e-7    2.9e-7   5.36e-7   4.84e-6  -2.96e-6 i
  -3.81e-7   6.87e-7   1.27e-8    6.9e-6  -6.92e-7   5.36e-7   4.62e-6  -7.56e-6   8.32e-6 M
   3.47e-5    4.3e-7  -4.43e-8   4.13e-6  -4.09e-7   4.84e-6  -7.56e-6  0.000156 -0.000112 omega
  -2.38e-5    1.8e-7   3.89e-8   1.93e-6  -1.97e-7  -2.96e-6   8.32e-6 -0.000112   8.27e-5 Omega
   Tp        e         q         Q         1/a       i         M         omega     Omega  

   Tp        0.00287 2458550.088003797
     0.00318    0.0305      17.7    0.0224      92.3     -28.1
   e        0.000345 0.551838394
      0.0022  0.000204     0.333  0.000269      1.73    -0.677
   q         6.24e-6 1.001294734
     3.41e-5   -3.4e-5   -0.0194 -0.000105    -0.111    -0.437
   Q         0.00346 3.467159152
      0.0221   0.00191      3.25   0.00232      16.9     -8.26
   1/a      0.000347 0.447582106
    -0.00221 -0.000188    -0.324 -0.000222     -1.68     0.872
   i        0.000539 0.804693474
     0.00227    -0.024      2.53   0.00612      13.2     -1.42
   M         0.00215 -1.944316616
      0.0135  -0.00777     -3.12  -0.00516     -16.3      2.61
   omega      0.0125 170.843324212
    -0.00429    -0.499      76.3    -0.897       409       511
   Omega     0.00909 -3.277592043
      0.0122     0.537     -53.7     0.926      -291      -526

Planet orbiting: 0
Sigmas:
sigma_Tp      0.00287 days
sigma_e      0.000345 
sigma_q       6.24e-6 AU (933 km)
sigma_Q       0.00346 AU (518219 km)
sigma_1/a    0.000347 1/AU
sigma_i       0.00053 deg
sigma_M        0.0021 deg
sigma_omega     0.012 deg
sigma_Omega     0.009 deg
sigma_n:     0.000343
sigma_a:      0.00173 AU (259190 km)
sigma_P:         1.42 days
P = 3.34 years; U=7.4
